# Subject Block Channel(s)
4 1 -
4 2 -
5 1 2112
5 2 -
6 1 -
6 2 513
7 1 -
7 2 -
8 1 643 731 2011
8 2 643
9 1 643 2242
9 2 643
10 1 2311
10 2 -
11 1 1031 2223 2011
11 2 2342
12 1 -
12 2 -
14 1 -
14 2 -
15 1 1623
15 2 -
16 1 -
16 2 0821 1833

# Subject Block Channel(s)
64 1 -
64 2 -
63 1 0821
63 2 0821
61 1 -
61 2 -
65 1 -
65 2 -
56 1 2011
56 2 0821
62 1 0821
62 2 0821
71 1 -
71 2 -
57 1 0821 0921
57 2 0821
55 1 0821
55 2 0821
52 1 1411
52 2 -
59 1 0821
59 2 -
60 1 0821
60 2 0821
58 1 0821
58 2 0821 0623 0722 0742
67 1 0821
67 2 0821
69 1 -
69 2 -
66 1 1041 1723
66 2 -
54 1 0821
54 2 0821
53 1 0821
53 2 -
68 1 -
68 2 -
70 1 -
70 2 -
71 1 -
71 2 -
